route_id,agency_id,route_short_name,route_long_name,route_desc,route_type,route_url,route_color,route_text_color
100001,1,1,,,0,,E0071C,FFFFFF
100003,1,3,,,0,,F29DC2,FFFFFF
100004,1,4,,,0,,EA71A5,FFFFFF
100005,1,5,,,0,,A69CC8,FFFFFF
100007,1,7,,,0,,F08D51,FFFFFF
100009,1,9,,,0,,F09086,FFFFFF
100012,1,12,,,0,,98BF1D,FFFFFF
100013,1,13,,,0,,A98567,FFFFFF
100015,1,15,,,0,,5AAC31,FFFFFF
100016,1,16,,,0,,06ADA5,FFFFFF
100017,1,17,,,0,,85D0F5,FFFFFF
100018,1,18,,,0,,1D92D1,FFFFFF
100055,1,SB55,,,3,,000000,FFFFFF
100101,1,101,,,3,,000000,FFFFFF
100104,1,104,,,3,,000000,FFFFFF
100106,1,106,,,3,,000000,FFFFFF
100109,1,109,,,3,,000000,FFFFFF
100116,1,116,,,3,,000000,FFFFFF
100118,1,118,,,3,,000000,FFFFFF
100120,1,120,,,3,,000000,FFFFFF
100121,1,121,,,3,,000000,FFFFFF
100122,1,122,,,3,,000000,FFFFFF
100123,1,123,,,3,,000000,FFFFFF
100124,1,124,,,3,,000000,FFFFFF
100125,1,125,,,3,,000000,FFFFFF
100126,1,126,,,3,,000000,FFFFFF
100127,1,127,,,3,,000000,FFFFFF
100130,1,130,,,3,,000000,FFFFFF
100131,1,131,,,3,,000000,FFFFFF
100132,1,132,,,3,,000000,FFFFFF
100133,1,133,,,3,,000000,FFFFFF
100134,1,134,,,3,,000000,FFFFFF
100135,1,135,,,3,,000000,FFFFFF
100136,1,136,,,3,,000000,FFFFFF
100138,1,138,,,3,,000000,FFFFFF
100139,1,139,,,3,,000000,FFFFFF
100140,1,140,,,3,,000000,FFFFFF
100141,1,141,,,3,,000000,FFFFFF
100142,1,142,,,3,,000000,FFFFFF
100143,1,143,,,3,,000000,FFFFFF
100144,1,144,,,3,,000000,FFFFFF
100145,1,145,,,3,,000000,FFFFFF
100146,1,146,,,3,,000000,FFFFFF
100147,1,147,,,3,,000000,FFFFFF
100148,1,148,,,3,,000000,FFFFFF
100149,1,149,,,3,,000000,FFFFFF
100150,1,150,,,3,,000000,FFFFFF
100151,1,151,,,3,,000000,FFFFFF
100152,1,152,,,3,,000000,FFFFFF
100153,1,153,,,3,,000000,FFFFFF
100154,1,154,,,3,,000000,FFFFFF
100155,1,155,,,3,,000000,FFFFFF
100156,1,156,,,3,,000000,FFFFFF
100157,1,157,,,3,,000000,FFFFFF
100158,1,158,,,3,,000000,FFFFFF
100159,1,159,,,3,,000000,FFFFFF
100160,1,160,,,3,,000000,FFFFFF
100161,1,161,,,3,,000000,FFFFFF
100162,1,162,,,3,,000000,FFFFFF
100164,1,164,,,3,,000000,FFFFFF
100165,1,165,,,3,,000000,FFFFFF
100166,1,166,,,3,,000000,FFFFFF
100167,1,167,,,3,,000000,FFFFFF
100172,1,172,,,3,,000000,FFFFFF
100191,1,191,,,3,,000000,FFFFFF
100192,1,192,,,3,,000000,FFFFFF
100193,1,193,,,3,,000000,FFFFFF
100195,1,195,,,3,,000000,FFFFFF
100196,1,196,,,3,,000000,FFFFFF
300020,3,SB20,,,3,,000000,FFFFFF
300021,3,SB21,,,3,,000000,FFFFFF
300022,3,SB22,,,3,,000000,FFFFFF
300023,3,SB23,,,3,,000000,FFFFFF
300024,3,SB24,,,3,,000000,FFFFFF
300025,3,SB25,,,3,,000000,FFFFFF
300201,3,201,,,3,,000000,FFFFFF
300202,3,202,,,3,,000000,FFFFFF
300203,3,203,,,3,,000000,FFFFFF
300204,3,204,,,3,,000000,FFFFFF
300205,3,205,,,3,,000000,FFFFFF
300206,3,206,,,3,,000000,FFFFFF
300207,3,207,,,3,,000000,FFFFFF
300208,3,208,,,3,,000000,FFFFFF
300209,3,209,,,3,,000000,FFFFFF
300211,3,211,,,3,,000000,FFFFFF
300212,3,212,,,3,,000000,FFFFFF
300213,3,213,,,3,,000000,FFFFFF
300214,3,214,,,3,,000000,FFFFFF
300215,3,215,,,3,,000000,FFFFFF
300217,3,217,,,3,,000000,FFFFFF
300218,3,218,,,3,,000000,FFFFFF
300222,3,222,,,3,,000000,FFFFFF
300227,3,227,,,3,,000000,FFFFFF
300229,3,229,,,3,,000000,FFFFFF
300232,3,232,,,3,,000000,FFFFFF
300235,3,235,,,3,,000000,FFFFFF
300236,3,236,,,3,,000000,FFFFFF
300238,3,238,,,3,,000000,FFFFFF
300244,3,244,,,3,,000000,FFFFFF
300251,3,251,,,3,,000000,FFFFFF
300253,3,253,,,3,,000000,FFFFFF
300255,3,255,,,3,,000000,FFFFFF
300257,3,257,,,3,,000000,FFFFFF
300258,3,258,,,3,,000000,FFFFFF
300273,3,BF,,,3,,000000,FFFFFF
300274,3,X24,,,3,,000000,FFFFFF
300278,3,278,,,3,,000000,FFFFFF
300280,3,N20,,,3,,000000,FFFFFF
300281,3,N21,,,3,,000000,FFFFFF
300282,3,N22,,,3,,000000,FFFFFF
300283,3,N23,,,3,,000000,FFFFFF
300284,3,N24,,,3,,000000,FFFFFF
300285,3,N25,,,3,,000000,FFFFFF
300403,3,403,,,3,,000000,FFFFFF
300426,3,426,,,3,,000000,FFFFFF
300427,3,427,,,3,,000000,FFFFFF
300429,3,429,,,3,,000000,FFFFFF
300430,3,430,,,3,,000000,FFFFFF
300431,3,431,,,3,,000000,FFFFFF
300432,3,432,,,3,,000000,FFFFFF
300433,3,433,,,3,,000000,FFFFFF
300434,3,434,,,3,,000000,FFFFFF
300435,3,435,,,3,,000000,FFFFFF
300436,3,436,,,3,,000000,FFFFFF
300437,3,437,,,3,,000000,FFFFFF
300438,3,438,,,3,,000000,FFFFFF
300439,3,439,,,3,,000000,FFFFFF
300451,3,451,,,3,,000000,FFFFFF
300452,3,452,,,3,,000000,FFFFFF
300481,3,N41,,,3,,000000,FFFFFF
300482,3,N42,,,3,,000000,FFFFFF
300483,3,N43,,,3,,000000,FFFFFF
300484,3,N44,,,3,,000000,FFFFFF
301501,3,E1,,,3,,000000,FFFFFF
301502,3,E2,,,3,,000000,FFFFFF
301503,3,E3,,,3,,000000,FFFFFF
301504,3,E4,,,3,,000000,FFFFFF
301505,3,E5,,,3,,000000,FFFFFF
301506,3,E6,,,3,,000000,FFFFFF
301509,3,E9,,,3,,000000,FFFFFF
301511,3,E11,,,3,,000000,FFFFFF
301512,3,E12,,,3,,000000,FFFFFF
301513,3,E13,,,3,,000000,FFFFFF
301522,3,E202,,,3,,000000,FFFFFF
301529,3,E209,,,3,,000000,FFFFFF
301532,3,E222,,,3,,000000,FFFFFF
301535,3,E215,,,3,,000000,FFFFFF
301537,3,E227,,,3,,000000,FFFFFF
301539,3,E229,,,3,,000000,FFFFFF
301541,3,E231,,,3,,000000,FFFFFF
301549,3,E239,,,3,,000000,FFFFFF
301550,3,E240,,,3,,000000,FFFFFF
301553,3,E253,,,3,,000000,FFFFFF
301555,3,,12 (E255),,3,,000000,FFFFFF
301557,3,E257,,,3,,000000,FFFFFF
301567,3,E427,,,3,,000000,FFFFFF
301569,3,E429,,,3,,000000,FFFFFF
301570,3,E430,,,3,,000000,FFFFFF
301572,3,E432,,,3,,000000,FFFFFF
301573,3,E433,,,3,,000000,FFFFFF
301591,3,E451,,,3,,000000,FFFFFF
501008,5,RE8,,,2,,000000,FFFFFF
501009,5,RE9,,,2,,000000,FFFFFF
501012,5,RE12,,,2,,000000,FFFFFF
501022,5,RE22,,,2,,000000,FFFFFF
501024,5,RB24,,,2,,000000,FFFFFF
501025,5,RB25,,,2,,000000,FFFFFF
501027,5,RB27,,,2,,000000,FFFFFF
501030,5,RB30,,,2,,000000,FFFFFF
501038,5,RB38,,,2,,000000,FFFFFF
501206,5,S6,,,2,,000000,FFFFFF
501211,5,S11,,,2,,000000,FFFFFF
501212,5,S12,,,2,,000000,FFFFFF
501219,5,S19,,,2,,000000,FFFFFF
501223,5,S23,,,2,,000000,FFFFFF
600060,6,SB60,,,3,,000000,FFFFFF
600061,6,61,,,0,,000000,FFFFFF
600062,6,62,,,0,,000000,FFFFFF
600063,6,63,,,0,,000000,FFFFFF
600065,6,65,,,0,,000000,FFFFFF
600066,6,66,,,0,,000000,FFFFFF
600067,6,67,,,0,,000000,FFFFFF
600068,6,68,,,0,,000000,FFFFFF
600069,6,SB69,,,3,,000000,FFFFFF
600540,6,540,,,3,,000000,FFFFFF
600600,6,600,,,3,,000000,FFFFFF
600601,6,601,,,3,,000000,FFFFFF
600602,6,602,,,3,,000000,FFFFFF
600603,6,603,,,3,,000000,FFFFFF
600604,6,604,,,3,,000000,FFFFFF
600605,6,605,,,3,,000000,FFFFFF
600606,6,606,,,3,,000000,FFFFFF
600607,6,607,,,3,,000000,FFFFFF
600608,6,608,,,3,,000000,FFFFFF
600609,6,609,,,3,,000000,FFFFFF
600610,6,610,,,3,,000000,FFFFFF
600611,6,611,,,3,,000000,FFFFFF
600612,6,612,,,3,,000000,FFFFFF
600613,6,613,,,3,,000000,FFFFFF
600614,6,614,,,3,,000000,FFFFFF
600630,6,630,,,3,,000000,FFFFFF
600631,6,631,,,3,,000000,FFFFFF
600632,6,632,,,3,,000000,FFFFFF
600633,6,633,,,3,,000000,FFFFFF
600634,6,634,,,3,,000000,FFFFFF
600635,6,635,,,3,,000000,FFFFFF
600636,6,636,,,3,,000000,FFFFFF
600637,6,637,,,3,,000000,FFFFFF
600638,6,638,,,3,,000000,FFFFFF
600639,6,639,,,3,,000000,FFFFFF
600640,6,640,,,3,,000000,FFFFFF
600641,6,E,,,3,,000000,FFFFFF
600642,6,E,,,3,,000000,FFFFFF
600666,6,BE66,,,3,,000000,FFFFFF
600681,6,N1,,,3,,000000,FFFFFF
600682,6,N2,,,3,,000000,FFFFFF
600683,6,N3,,,3,,000000,FFFFFF
600684,6,N4,,,3,,000000,FFFFFF
600685,6,N5,,,3,,000000,FFFFFF
600686,6,N6,,,3,,000000,FFFFFF
600687,6,N7,,,3,,000000,FFFFFF
600688,6,N8,,,3,,000000,FFFFFF
600689,6,N9,,,3,,000000,FFFFFF
600690,6,N10,,,3,,000000,FFFFFF
800051,8,SB51,,,3,,000000,FFFFFF
800052,8,SB52,,,3,,000000,FFFFFF
800053,8,SB53,,,3,,000000,FFFFFF
800054,8,SB54,,,3,,000000,FFFFFF
800056,8,SB56,,,3,,000000,FFFFFF
800163,8,163,,,3,,000000,FFFFFF
800501,8,501,,,3,,000000,FFFFFF
800502,8,502,,,3,,000000,FFFFFF
800503,8,503,,,3,,000000,FFFFFF
800504,8,504,,,3,,000000,FFFFFF
800505,8,505,,,3,,000000,FFFFFF
800506,8,506,,,3,,000000,FFFFFF
800507,8,507,,,3,,000000,FFFFFF
800508,8,508,,,3,,000000,FFFFFF
800510,8,510,,,3,,000000,FFFFFF
800511,8,511,,,3,,000000,FFFFFF
800512,8,512,,,3,,000000,FFFFFF
800513,8,513,,,3,,000000,FFFFFF
800515,8,515,,,3,,000000,FFFFFF
800516,8,516,,,3,,000000,FFFFFF
800517,8,517,,,3,,000000,FFFFFF
800518,8,518,,,3,,000000,FFFFFF
800519,8,BB W,,,3,,000000,FFFFFF
800520,8,520,,,3,,000000,FFFFFF
800521,8,521,,,3,,000000,FFFFFF
800522,8,522,,,3,,000000,FFFFFF
800523,8,523,,,3,,000000,FFFFFF
800524,8,524,,,3,,000000,FFFFFF
800525,8,525,,,3,,000000,FFFFFF
800527,8,527,,,3,,000000,FFFFFF
800529,8,529,,,3,,000000,FFFFFF
800531,8,531,,,3,,000000,FFFFFF
800532,8,532,,,3,,000000,FFFFFF
800533,8,533,,,3,,000000,FFFFFF
800535,8,535,,,3,,000000,FFFFFF
800536,8,536,,,3,,000000,FFFFFF
800537,8,537,,,3,,000000,FFFFFF
800539,8,539,,,3,,000000,FFFFFF
800540,8,540,,,3,,000000,FFFFFF
800541,8,541,,,3,,000000,FFFFFF
800542,8,542,,,3,,000000,FFFFFF
800543,8,543,,,3,,000000,FFFFFF
800544,8,544,,,3,,000000,FFFFFF
800545,8,545,,,3,,000000,FFFFFF
800546,8,546,,,3,,000000,FFFFFF
800547,8,547,,,3,,000000,FFFFFF
800548,8,548,,,3,,000000,FFFFFF
800549,8,549,,,3,,000000,FFFFFF
800550,8,550,,,3,,000000,FFFFFF
800551,8,551,,,3,,000000,FFFFFF
800552,8,552,,,3,,000000,FFFFFF
800553,8,553,,,3,,000000,FFFFFF
800554,8,554,,,3,,000000,FFFFFF
800555,8,555,,,3,,000000,FFFFFF
800556,8,556,,,3,,000000,FFFFFF
800557,8,557,,,3,,000000,FFFFFF
800558,8,558,,,3,,000000,FFFFFF
800559,8,559,,,3,,000000,FFFFFF
800560,8,560,,,3,,000000,FFFFFF
800561,8,561,,,3,,000000,FFFFFF
800564,8,564,,,3,,000000,FFFFFF
800565,8,565,,,3,,000000,FFFFFF
800566,8,566,,,3,,000000,FFFFFF
800567,8,567,,,3,,000000,FFFFFF
800570,8,570,,,3,,000000,FFFFFF
800571,8,571,,,3,,000000,FFFFFF
800573,8,573,,,3,,000000,FFFFFF
800576,8,576,,,3,,000000,FFFFFF
800577,8,577,,,3,,000000,FFFFFF
800578,8,578,,,3,,000000,FFFFFF
800579,8,579,,,3,,000000,FFFFFF
800589,8,PB,,,3,,000000,FFFFFF
800590,8,590,,,3,,000000,FFFFFF
800592,8,592,,,3,,000000,FFFFFF
800593,8,593,,,3,,000000,FFFFFF
800594,8,594,,,3,,000000,FFFFFF
800596,8,596,,,3,,000000,FFFFFF
800597,8,597,,,3,,000000,FFFFFF
800598,8,598,,,3,,000000,FFFFFF
800599,8,599,,,3,,000000,FFFFFF
1100273,11,BF,,,3,,000000,FFFFFF
1100301,11,301,,,3,,000000,FFFFFF
1100302,11,302,,,3,,000000,FFFFFF
1100303,11,303,,,3,,000000,FFFFFF
1100304,11,304,,,3,,000000,FFFFFF
1100306,11,306,,,3,,000000,FFFFFF
1100307,11,307,,,3,,000000,FFFFFF
1100308,11,308,,,3,,000000,FFFFFF
1100310,11,310,,,3,,000000,FFFFFF
1100311,11,311,,,3,,000000,FFFFFF
1100312,11,312,,,3,,000000,FFFFFF
1100313,11,313,,,3,,000000,FFFFFF
1100314,11,314,,,3,,000000,FFFFFF
1100315,11,315,,,3,,000000,FFFFFF
1100316,11,316,,,3,,000000,FFFFFF
1100317,11,317,,,3,,000000,FFFFFF
1100318,11,318,,,3,,000000,FFFFFF
1100319,11,319,,,3,,000000,FFFFFF
1100320,11,320,,,3,,000000,FFFFFF
1100321,11,321,,,3,,000000,FFFFFF
1100323,11,323,,,3,,000000,FFFFFF
1100324,11,324,,,3,,000000,FFFFFF
1100325,11,325,,,3,,000000,FFFFFF
1100331,11,331,,,3,,000000,FFFFFF
1100332,11,332,,,3,,000000,FFFFFF
1100333,11,333,,,3,,000000,FFFFFF
1100334,11,334,,,3,,000000,FFFFFF
1100335,11,335,,,3,,000000,FFFFFF
1100336,11,336,,,3,,000000,FFFFFF
1100337,11,337,,,3,,000000,FFFFFF
1100338,11,338,,,3,,000000,FFFFFF
1100339,11,339,,,3,,000000,FFFFFF
1100340,11,340,,,3,,000000,FFFFFF
1100342,11,342,,,3,,000000,FFFFFF
1100343,11,343,,,3,,000000,FFFFFF
1100344,11,344,,,3,,000000,FFFFFF
1100345,11,345,,,3,,000000,FFFFFF
1100346,11,346,,,3,,000000,FFFFFF
1100347,11,347,,,3,,000000,FFFFFF
1100348,11,348,,,3,,000000,FFFFFF
1100349,11,349,,,3,,000000,FFFFFF
1100361,11,361,,,3,,000000,FFFFFF
1100362,11,362,,,3,,000000,FFFFFF
1100363,11,363,,,3,,000000,FFFFFF
1100364,11,364,,,3,,000000,FFFFFF
1100365,11,365,,,3,,000000,FFFFFF
1100366,11,366,,,3,,000000,FFFFFF
1100375,11,336R,,,3,,000000,FFFFFF
1100398,11,398,,,3,,000000,FFFFFF
1100426,11,426,,,3,,000000,FFFFFF
1100427,11,427,,,3,,000000,FFFFFF
1100429,11,429,,,3,,000000,FFFFFF
1100626,11,626,,,3,,000000,FFFFFF
1100671,11,671,,,3,,000000,FFFFFF
1200740,12,740,,,3,,000000,FFFFFF
1200741,12,741,,,3,,000000,FFFFFF
1200745,12,745,,,3,,000000,FFFFFF
1200747,12,747,,,3,,000000,FFFFFF
1200749,12,749,,,3,,000000,FFFFFF
1200750,12,750,,,3,,000000,FFFFFF
1200751,12,751,,,3,,000000,FFFFFF
1200752,12,752,,,3,,000000,FFFFFF
1200753,12,753,,,3,,000000,FFFFFF
1200800,12,800,,,3,,000000,FFFFFF
1200812,12,812,,,3,,000000,FFFFFF
1200813,12,813,,,3,,000000,FFFFFF
1200817,12,817,,,3,,000000,FFFFFF
1200818,12,818,,,3,,000000,FFFFFF
1200842,12,842,,,3,,000000,FFFFFF
1200843,12,843,,,3,,000000,FFFFFF
1200845,12,845,,,3,,000000,FFFFFF
1200855,12,855,,,3,,000000,FFFFFF
1200856,12,856,,,3,,000000,FFFFFF
1200857,12,857,,,3,,000000,FFFFFF
1200858,12,858,,,3,,000000,FFFFFF
1200859,12,859,,,3,,000000,FFFFFF
1200880,12,880,,,3,,000000,FFFFFF
1200881,12,881,,,3,,000000,FFFFFF
1200882,12,882,,,3,,000000,FFFFFF
1200884,12,884,,,3,,000000,FFFFFF
1300081,13,SB81,,,3,,000000,FFFFFF
1300082,13,SB82,,,3,,000000,FFFFFF
1300760,13,760,,,3,,000000,FFFFFF
1300761,13,761,,,3,,000000,FFFFFF
1300762,13,762,,,3,,000000,FFFFFF
1300763,13,763,,,3,,000000,FFFFFF
1300764,13,764,,,3,,000000,FFFFFF
1300765,13,765,,,3,,000000,FFFFFF
1300766,13,766,,,3,,000000,FFFFFF
1300767,13,767,,,3,,000000,FFFFFF
1300768,13,768,,,3,,000000,FFFFFF
1300769,13,769,,,3,,000000,FFFFFF
1300770,13,770,,,3,,000000,FFFFFF
1300772,13,772,,,3,,000000,FFFFFF
1300774,13,774,,,3,,000000,FFFFFF
1300801,13,801,,,3,,000000,FFFFFF
1300802,13,802,,,3,,000000,FFFFFF
1300806,13,806,,,3,,000000,FFFFFF
1300807,13,807,,,3,,000000,FFFFFF
1300808,13,808,,,3,,000000,FFFFFF
1300809,13,809,,,3,,000000,FFFFFF
1300810,13,810,,,3,,000000,FFFFFF
1300814,13,814,,,3,,000000,FFFFFF
1300815,13,815,,,3,,000000,FFFFFF
1300819,13,819,,,3,,000000,FFFFFF
1300820,13,820,,,3,,000000,FFFFFF
1300821,13,821,,,3,,000000,FFFFFF
1300822,13,822,,,3,,000000,FFFFFF
1300823,13,823,,,3,,000000,FFFFFF
1300824,13,824,,,3,,000000,FFFFFF
1300825,13,825,,,3,,000000,FFFFFF
1300828,13,828,,,3,,000000,FFFFFF
1300829,13,829,,,3,,000000,FFFFFF
1300830,13,830,,,3,,000000,FFFFFF
1300831,13,831,,,3,,000000,FFFFFF
1300832,13,832,,,3,,000000,FFFFFF
1300833,13,833,,,3,,000000,FFFFFF
1300834,13,834,,,3,,000000,FFFFFF
1300835,13,835,,,3,,000000,FFFFFF
1300836,13,836,,,3,,000000,FFFFFF
1300837,13,837,,,3,,000000,FFFFFF
1300838,13,838,,,3,,000000,FFFFFF
1300839,13,839,,,3,,000000,FFFFFF
1300869,13,869,,,3,,000000,FFFFFF
1300885,13,885,,,3,,000000,FFFFFF
1300886,13,886,,,3,,000000,FFFFFF
1300891,13,891,,,3,,000000,FFFFFF
1300899,13,899,,,3,,000000,FFFFFF
1300984,13,984,,,3,,000000,FFFFFF
1300985,13,985,,,3,,000000,FFFFFF
1300986,13,986,,,3,,000000,FFFFFF
1400040,14,SB40,,,3,,000000,FFFFFF
1400267,14,267,,,3,,000000,FFFFFF
1400400,14,400,,,3,,000000,FFFFFF
1400419,14,419,,,3,,000000,FFFFFF
1400420,14,420,,,3,,000000,FFFFFF
1400421,14,421,,,3,,000000,FFFFFF
1400422,14,422,,,3,,000000,FFFFFF
1400423,14,423,,,3,,000000,FFFFFF
1400425,14,425,,,3,,000000,FFFFFF
1400440,14,440,,,3,,000000,FFFFFF
1400441,14,441,,,3,,000000,FFFFFF
1400442,14,442,,,3,,000000,FFFFFF
1400443,14,443,,,3,,000000,FFFFFF
1400444,14,444,,,3,,000000,FFFFFF
1400445,14,445,,,3,,000000,FFFFFF
1400448,14,448,,,3,,000000,FFFFFF
1400453,14,453,,,3,,000000,FFFFFF
1400454,14,454,,,3,,000000,FFFFFF
1400455,14,455,,,3,,000000,FFFFFF
1400456,14,456,,,3,,000000,FFFFFF
1400457,14,457,,,3,,000000,FFFFFF
1400485,14,N45,,,3,,000000,FFFFFF
1400486,14,N46,,,3,,000000,FFFFFF
1400487,14,N47,,,3,,000000,FFFFFF
1600240,16,240,,,3,,000000,FFFFFF
1600252,16,252,,,3,,000000,FFFFFF
1600258,16,258,,,3,,000000,FFFFFF
1600260,16,260,,,3,,000000,FFFFFF
1600261,16,261,,,3,,000000,FFFFFF
1600263,16,263,,,3,,000000,FFFFFF
1600264,16,264,,,3,,000000,FFFFFF
1600265,16,265,,,3,,000000,FFFFFF
1600266,16,266,,,3,,000000,FFFFFF
1600268,16,268,,,3,,000000,FFFFFF
1600270,16,270,,,3,,000000,FFFFFF
1600271,16,271,,,3,,000000,FFFFFF
1600273,16,BF,,,3,,000000,FFFFFF
1600274,16,X24,,,3,,000000,FFFFFF
1600278,16,278,,,3,,000000,FFFFFF
1600286,16,N26,,,3,,000000,FFFFFF
1600288,16,N28,,,3,,000000,FFFFFF
1700091,17,SB91,,,3,,000000,FFFFFF
1700092,17,SB92,,,3,,000000,FFFFFF
1700093,17,SB93,,,3,,000000,FFFFFF
1700905,17,905,,,3,,000000,FFFFFF
1700910,17,910,,,3,,000000,FFFFFF
1700911,17,911,,,3,,000000,FFFFFF
1700915,17,915,,,3,,000000,FFFFFF
1700920,17,920,,,3,,000000,FFFFFF
1700921,17,921,,,3,,000000,FFFFFF
1700922,17,922,,,3,,000000,FFFFFF
1700923,17,923,,,3,,000000,FFFFFF
1700924,17,924,,,3,,000000,FFFFFF
1700927,17,927,,,3,,000000,FFFFFF
1700930,17,930,,,3,,000000,FFFFFF
1700931,17,931,,,3,,000000,FFFFFF
1700933,17,933,,,3,,000000,FFFFFF
1700935,17,935,,,3,,000000,FFFFFF
1700937,17,937,,,3,,000000,FFFFFF
1700941,17,941,,,3,,000000,FFFFFF
1700944,17,944,,,3,,000000,FFFFFF
1700945,17,945,,,3,,000000,FFFFFF
1700949,17,949,,,3,,000000,FFFFFF
1700950,17,950,,,3,,000000,FFFFFF
1700955,17,955,,,3,,000000,FFFFFF
1700957,17,957,,,3,,000000,FFFFFF
1700960,17,960,,,3,,000000,FFFFFF
1700961,17,961,,,3,,000000,FFFFFF
1700962,17,962,,,3,,000000,FFFFFF
1700964,17,964,,,3,,000000,FFFFFF
1700965,17,965,,,3,,000000,FFFFFF
1700966,17,966,,,3,,000000,FFFFFF
1700967,17,967,,,3,,000000,FFFFFF
1700968,17,968,,,3,,000000,FFFFFF
1700969,17,969,,,3,,000000,FFFFFF
1700970,17,970,,,3,,000000,FFFFFF
1700971,17,971,,,3,,000000,FFFFFF
1700972,17,972,,,3,,000000,FFFFFF
1700974,17,974,,,3,,000000,FFFFFF
1700975,17,975,,,3,,000000,FFFFFF
1700976,17,976,,,3,,000000,FFFFFF
1700977,17,977,,,3,,000000,FFFFFF
1700978,17,978,,,3,,000000,FFFFFF
1700979,17,979,,,3,,000000,FFFFFF
1700980,17,980,,,3,,000000,FFFFFF
1700987,17,987,,,3,,000000,FFFFFF
1700988,17,988,,,3,,000000,FFFFFF
1700990,17,990,,,3,,000000,FFFFFF
1900379,19,BBO,,,3,,000000,FFFFFF
2200731,22,731,,,3,,000000,FFFFFF
2200732,22,732,,,3,,000000,FFFFFF
2200733,22,733,,,3,,000000,FFFFFF
2200735,22,735,,,3,,000000,FFFFFF
2200736,22,736,,,3,,000000,FFFFFF
2200737,22,737,,,3,,000000,FFFFFF
2200738,22,738,,,3,,000000,FFFFFF
2200860,22,860,,,3,,00BFFF,000000
2200865,22,865,,,3,,009999,FFFFFF
2200866,22,866,,,3,,FFFF21,000000
2200870,22,870,,,3,,003BD1,FFFFFF
2200871,22,871,,,3,,FF0000,000000
2200872,22,872,,,3,,4DFF00,000000
2200873,22,873,,,3,,801AFF,FFFFFF
2200874,22,874,,,3,,FF4000,000000
2200875,22,875,,,3,,33FFFF,000000
2200876,22,876,,,3,,00CC29,FFFFFF
2200877,22,877,,,3,,FF59FF,000000
2200878,22,878,,,3,,FF9900,000000
2300711,23,711,,,3,,FFFF00,000000
2300712,23,712,,,3,,008800,FFFFFF
2300713,23,713,,,3,,00FF00,000000
2300714,23,714,,,3,,0000FF,FFFFFF
2300717,23,717,,,3,,0088FF,FFFFFF
2300720,23,720,,,3,,008888,FFFFFF
2400701,24,701,,,3,,000000,FFFFFF
2400702,24,702,,,3,,000000,FFFFFF
2400703,24,703,,,3,,000000,FFFFFF
2400704,24,704,,,3,,000000,FFFFFF
2400705,24,705,,,3,,000000,FFFFFF
2400706,24,706,,,3,,000000,FFFFFF
2400707,24,707,,,3,,000000,FFFFFF
2400708,24,708,,,3,,000000,FFFFFF
2400709,24,709,,,3,,000000,FFFFFF
2400779,24,PHL,,,3,,000000,FFFFFF
2500256,25,256,,,3,,000000,FFFFFF
2800826,28,826,,,3,,000000,FFFFFF
2800827,28,827,,,3,,000000,FFFFFF
2800867,28,867,,,3,,000000,FFFFFF
2800868,28,868,,,3,,000000,FFFFFF
2800893,28,893,,,3,,000000,FFFFFF
2800896,28,896,,,3,,000000,FFFFFF
2800897,28,897,,,3,,000000,FFFFFF
2800898,28,898,,,3,,000000,FFFFFF
2900721,29,721,,,3,,000000,FFFFFF
2900723,29,723,,,3,,000000,FFFFFF
6000240,60,240,,,3,,000000,FFFFFF
6000671,60,671,,,3,,000000,FFFFFF
6001612,60,,NE12 RS,,3,,000000,FFFFFF
6001619,60,,NE19 RS,,3,,000000,FFFFFF
6001652,60,652,,,3,,000000,FFFFFF
6001669,60,669,,,3,,000000,FFFFFF
6001672,60,672,,,3,,000000,FFFFFF
6001673,60,673,,,3,,000000,FFFFFF
6300023,63,SB23,,,3,,000000,FFFFFF
6301933,63,SB33,,,3,,000000,FFFFFF
7000626,70,626,,,3,,000000,FFFFFF
7001880,70,880,,,3,,000000,FFFFFF
7001885,70,885,,,3,,000000,FFFFFF
7001889,70,885E,,,3,,000000,FFFFFF
13001026,130,RB26,,,2,,000000,FFFFFF
13001298,130,SEV,,,3,,000000,FFFFFF
13901001,139,,RE1 (RRX),,2,,000000,FFFFFF
13901005,139,,RE5 (RRX),,2,,FF6418,FFFFFF
13901006,139,,RE6 (RRX),,2,,673BB8,FFFFFF
13901007,139,RE7,,,2,,8FD400,FFFFFF
13901026,139,RB26,,,3,,000000,FFFFFF
13901048,139,RB48,,,2,,FFC82E,FFFFFF
13913059,139,RE48,,,3,,000000,FFFFFF
14101028,141,RB28,,,2,,000000,FFFFFF
15101090,151,RB90,,,2,,000000,FFFFFF
15101093,151,RB93,,,2,,000000,FFFFFF
15101298,151,SEV,,,3,,000000,FFFFFF
15201001,152,,RE1 (RRX),,2,,000000,FFFFFF
15201281,152,RE,,,2,,000000,FFFFFF
19901009,199,RE9,,,3,,000000,FFFFFF
19901025,199,RB25,,,3,,000000,FFFFFF
19901038,199,RB38,,,3,,000000,FFFFFF
19901206,199,S6,,,3,,000000,FFFFFF
19901211,199,S11,,,3,,000000,FFFFFF
19901212,199,S12,,,3,,000000,FFFFFF
19901213,151,RB90,,,3,,000000,FFFFFF
19901219,199,S19,,,3,,000000,FFFFFF
19901223,199,S23,,,3,,000000,FFFFFF
19901224,130,RB26,,,3,,000000,FFFFFF
19901225,139,,RE6 (RRX),,3,,673BB8,FFFFFF
19901226,139,RE7,,,3,,8FD400,FFFFFF
19901298,199,SEV,,,3,,000000,FFFFFF
19911310,199,A,,,3,,000000,FFFFFF
19911789,199,B,,,3,,000000,FFFFFF
19911790,139,,RE5 (RRX),,3,,FF6418,FFFFFF
19911791,139,,RE1 (RRX),,3,,000000,FFFFFF
19911792,139,RB48,,,3,,FFC82E,FFFFFF